Rainfall - (MM), Year, Statistics, Country, ISO3
193.486, 1901, Jan Average, Sri Lanka, LKA
99.458, 1901, Feb Average, Sri Lanka, LKA
100.908, 1901, Mar Average, Sri Lanka, LKA
188.501, 1901, Apr Average, Sri Lanka, LKA
70.3947, 1901, May Average, Sri Lanka, LKA
45.2902, 1901, Jun Average, Sri Lanka, LKA
48.3632, 1901, Jul Average, Sri Lanka, LKA
12.8656, 1901, Aug Average, Sri Lanka, LKA
154.23, 1901, Sep Average, Sri Lanka, LKA
129.154, 1901, Oct Average, Sri Lanka, LKA
376.134, 1901, Nov Average, Sri Lanka, LKA
139.513, 1901, Dec Average, Sri Lanka, LKA
235.945, 1902, Jan Average, Sri Lanka, LKA
110.38, 1902, Feb Average, Sri Lanka, LKA
100.394, 1902, Mar Average, Sri Lanka, LKA
101.439, 1902, Apr Average, Sri Lanka, LKA
70.3585, 1902, May Average, Sri Lanka, LKA
101.113, 1902, Jun Average, Sri Lanka, LKA
41.6893, 1902, Jul Average, Sri Lanka, LKA
50.0455, 1902, Aug Average, Sri Lanka, LKA
163.527, 1902, Sep Average, Sri Lanka, LKA
441.415, 1902, Oct Average, Sri Lanka, LKA
489.119, 1902, Nov Average, Sri Lanka, LKA
237.215, 1902, Dec Average, Sri Lanka, LKA
116.783, 1903, Jan Average, Sri Lanka, LKA
104.455, 1903, Feb Average, Sri Lanka, LKA
10.9756, 1903, Mar Average, Sri Lanka, LKA
106.827, 1903, Apr Average, Sri Lanka, LKA
269.027, 1903, May Average, Sri Lanka, LKA
101.625, 1903, Jun Average, Sri Lanka, LKA
104.384, 1903, Jul Average, Sri Lanka, LKA
119.659, 1903, Aug Average, Sri Lanka, LKA
161.42, 1903, Sep Average, Sri Lanka, LKA
209.566, 1903, Oct Average, Sri Lanka, LKA
130.051, 1903, Nov Average, Sri Lanka, LKA
196.039, 1903, Dec Average, Sri Lanka, LKA
208.724, 1904, Jan Average, Sri Lanka, LKA
33.034, 1904, Feb Average, Sri Lanka, LKA
50.4407, 1904, Mar Average, Sri Lanka, LKA
67.6763, 1904, Apr Average, Sri Lanka, LKA
110.411, 1904, May Average, Sri Lanka, LKA
70.9378, 1904, Jun Average, Sri Lanka, LKA
149.921, 1904, Jul Average, Sri Lanka, LKA
11.3832, 1904, Aug Average, Sri Lanka, LKA
38.0091, 1904, Sep Average, Sri Lanka, LKA
247.34, 1904, Oct Average, Sri Lanka, LKA
153.246, 1904, Nov Average, Sri Lanka, LKA
219.21, 1904, Dec Average, Sri Lanka, LKA
49.7382, 1905, Jan Average, Sri Lanka, LKA
77.9795, 1905, Feb Average, Sri Lanka, LKA
28.8144, 1905, Mar Average, Sri Lanka, LKA
232.746, 1905, Apr Average, Sri Lanka, LKA
128.371, 1905, May Average, Sri Lanka, LKA
49.4352, 1905, Jun Average, Sri Lanka, LKA
13.4798, 1905, Jul Average, Sri Lanka, LKA
86.9178, 1905, Aug Average, Sri Lanka, LKA
87.4453, 1905, Sep Average, Sri Lanka, LKA
255.939, 1905, Oct Average, Sri Lanka, LKA
278.261, 1905, Nov Average, Sri Lanka, LKA
116.786, 1905, Dec Average, Sri Lanka, LKA
77.4957, 1906, Jan Average, Sri Lanka, LKA
59.0609, 1906, Feb Average, Sri Lanka, LKA
47.6104, 1906, Mar Average, Sri Lanka, LKA
103.313, 1906, Apr Average, Sri Lanka, LKA
99.8599, 1906, May Average, Sri Lanka, LKA
74.9423, 1906, Jun Average, Sri Lanka, LKA
75.1083, 1906, Jul Average, Sri Lanka, LKA
127.987, 1906, Aug Average, Sri Lanka, LKA
37.0024, 1906, Sep Average, Sri Lanka, LKA
280.978, 1906, Oct Average, Sri Lanka, LKA
401.883, 1906, Nov Average, Sri Lanka, LKA
134.28, 1906, Dec Average, Sri Lanka, LKA
102.977, 1907, Jan Average, Sri Lanka, LKA
63.2226, 1907, Feb Average, Sri Lanka, LKA
107.489, 1907, Mar Average, Sri Lanka, LKA
260.301, 1907, Apr Average, Sri Lanka, LKA
86.2162, 1907, May Average, Sri Lanka, LKA
60.9355, 1907, Jun Average, Sri Lanka, LKA
89.326, 1907, Jul Average, Sri Lanka, LKA
43.143, 1907, Aug Average, Sri Lanka, LKA
56.5382, 1907, Sep Average, Sri Lanka, LKA
384.528, 1907, Oct Average, Sri Lanka, LKA
396.299, 1907, Nov Average, Sri Lanka, LKA
83.6815, 1907, Dec Average, Sri Lanka, LKA
130.887, 1908, Jan Average, Sri Lanka, LKA
118.105, 1908, Feb Average, Sri Lanka, LKA
87.799, 1908, Mar Average, Sri Lanka, LKA
92.1549, 1908, Apr Average, Sri Lanka, LKA
93.1785, 1908, May Average, Sri Lanka, LKA
20.5368, 1908, Jun Average, Sri Lanka, LKA
19.4329, 1908, Jul Average, Sri Lanka, LKA
55.2688, 1908, Aug Average, Sri Lanka, LKA
120.548, 1908, Sep Average, Sri Lanka, LKA
291.125, 1908, Oct Average, Sri Lanka, LKA
108.999, 1908, Nov Average, Sri Lanka, LKA
140.694, 1908, Dec Average, Sri Lanka, LKA
109.361, 1909, Jan Average, Sri Lanka, LKA
73.9996, 1909, Feb Average, Sri Lanka, LKA
103.003, 1909, Mar Average, Sri Lanka, LKA
131.039, 1909, Apr Average, Sri Lanka, LKA
140.956, 1909, May Average, Sri Lanka, LKA
69.4225, 1909, Jun Average, Sri Lanka, LKA
68.0332, 1909, Jul Average, Sri Lanka, LKA
248.659, 1909, Aug Average, Sri Lanka, LKA
65.0858, 1909, Sep Average, Sri Lanka, LKA
271.127, 1909, Oct Average, Sri Lanka, LKA
179.604, 1909, Nov Average, Sri Lanka, LKA
183.98, 1909, Dec Average, Sri Lanka, LKA
87.6272, 1910, Jan Average, Sri Lanka, LKA
93.0387, 1910, Feb Average, Sri Lanka, LKA
24.2928, 1910, Mar Average, Sri Lanka, LKA
133.501, 1910, Apr Average, Sri Lanka, LKA
35.8641, 1910, May Average, Sri Lanka, LKA
69.2631, 1910, Jun Average, Sri Lanka, LKA
161.132, 1910, Jul Average, Sri Lanka, LKA
105.183, 1910, Aug Average, Sri Lanka, LKA
83.141, 1910, Sep Average, Sri Lanka, LKA
278.868, 1910, Oct Average, Sri Lanka, LKA
292.559, 1910, Nov Average, Sri Lanka, LKA
177.961, 1910, Dec Average, Sri Lanka, LKA
94.0164, 1911, Jan Average, Sri Lanka, LKA
11.2838, 1911, Feb Average, Sri Lanka, LKA
38.7974, 1911, Mar Average, Sri Lanka, LKA
26.9814, 1911, Apr Average, Sri Lanka, LKA
49.7852, 1911, May Average, Sri Lanka, LKA
90.3933, 1911, Jun Average, Sri Lanka, LKA
34.7465, 1911, Jul Average, Sri Lanka, LKA
24.7938, 1911, Aug Average, Sri Lanka, LKA
100.52, 1911, Sep Average, Sri Lanka, LKA
270.851, 1911, Oct Average, Sri Lanka, LKA
342.577, 1911, Nov Average, Sri Lanka, LKA
399.362, 1911, Dec Average, Sri Lanka, LKA
42.4341, 1912, Jan Average, Sri Lanka, LKA
23.9773, 1912, Feb Average, Sri Lanka, LKA
60.0535, 1912, Mar Average, Sri Lanka, LKA
148.002, 1912, Apr Average, Sri Lanka, LKA
152.206, 1912, May Average, Sri Lanka, LKA
173.41, 1912, Jun Average, Sri Lanka, LKA
25.877, 1912, Jul Average, Sri Lanka, LKA
42.4389, 1912, Aug Average, Sri Lanka, LKA
119.79, 1912, Sep Average, Sri Lanka, LKA
342.6, 1912, Oct Average, Sri Lanka, LKA
371.77, 1912, Nov Average, Sri Lanka, LKA
221.435, 1912, Dec Average, Sri Lanka, LKA
325.439, 1913, Jan Average, Sri Lanka, LKA
71.2667, 1913, Feb Average, Sri Lanka, LKA
86.7256, 1913, Mar Average, Sri Lanka, LKA
135.737, 1913, Apr Average, Sri Lanka, LKA
67.9639, 1913, May Average, Sri Lanka, LKA
38.7759, 1913, Jun Average, Sri Lanka, LKA
96.9754, 1913, Jul Average, Sri Lanka, LKA
44.0812, 1913, Aug Average, Sri Lanka, LKA
45.8098, 1913, Sep Average, Sri Lanka, LKA
340.944, 1913, Oct Average, Sri Lanka, LKA
314.935, 1913, Nov Average, Sri Lanka, LKA
305.297, 1913, Dec Average, Sri Lanka, LKA
43.9365, 1914, Jan Average, Sri Lanka, LKA
15.658, 1914, Feb Average, Sri Lanka, LKA
94.7301, 1914, Mar Average, Sri Lanka, LKA
63.7458, 1914, Apr Average, Sri Lanka, LKA
89.4085, 1914, May Average, Sri Lanka, LKA
74.7415, 1914, Jun Average, Sri Lanka, LKA
15.7823, 1914, Jul Average, Sri Lanka, LKA
56.8698, 1914, Aug Average, Sri Lanka, LKA
99.6973, 1914, Sep Average, Sri Lanka, LKA
450.5, 1914, Oct Average, Sri Lanka, LKA
274.668, 1914, Nov Average, Sri Lanka, LKA
281.977, 1914, Dec Average, Sri Lanka, LKA
118.148, 1915, Jan Average, Sri Lanka, LKA
58.6344, 1915, Feb Average, Sri Lanka, LKA
58.5472, 1915, Mar Average, Sri Lanka, LKA
146.066, 1915, Apr Average, Sri Lanka, LKA
67.0121, 1915, May Average, Sri Lanka, LKA
97.6029, 1915, Jun Average, Sri Lanka, LKA
119.287, 1915, Jul Average, Sri Lanka, LKA
54.364, 1915, Aug Average, Sri Lanka, LKA
152.559, 1915, Sep Average, Sri Lanka, LKA
105.023, 1915, Oct Average, Sri Lanka, LKA
320.637, 1915, Nov Average, Sri Lanka, LKA
177.852, 1915, Dec Average, Sri Lanka, LKA
16.9695, 1916, Jan Average, Sri Lanka, LKA
13.8463, 1916, Feb Average, Sri Lanka, LKA
108.26, 1916, Mar Average, Sri Lanka, LKA
125.368, 1916, Apr Average, Sri Lanka, LKA
232.387, 1916, May Average, Sri Lanka, LKA
39.4476, 1916, Jun Average, Sri Lanka, LKA
195.084, 1916, Jul Average, Sri Lanka, LKA
119.254, 1916, Aug Average, Sri Lanka, LKA
77.0596, 1916, Sep Average, Sri Lanka, LKA
116.518, 1916, Oct Average, Sri Lanka, LKA
225.835, 1916, Nov Average, Sri Lanka, LKA
96.598, 1916, Dec Average, Sri Lanka, LKA
179.979, 1917, Jan Average, Sri Lanka, LKA
172.956, 1917, Feb Average, Sri Lanka, LKA
188.1, 1917, Mar Average, Sri Lanka, LKA
52.2685, 1917, Apr Average, Sri Lanka, LKA
55.224, 1917, May Average, Sri Lanka, LKA
79.3162, 1917, Jun Average, Sri Lanka, LKA
119.924, 1917, Jul Average, Sri Lanka, LKA
153.125, 1917, Aug Average, Sri Lanka, LKA
145.299, 1917, Sep Average, Sri Lanka, LKA
97.7268, 1917, Oct Average, Sri Lanka, LKA
282.653, 1917, Nov Average, Sri Lanka, LKA
208.326, 1917, Dec Average, Sri Lanka, LKA
229.389, 1918, Jan Average, Sri Lanka, LKA
41.7906, 1918, Feb Average, Sri Lanka, LKA
79.2398, 1918, Mar Average, Sri Lanka, LKA
61.103, 1918, Apr Average, Sri Lanka, LKA
110.655, 1918, May Average, Sri Lanka, LKA
35.3253, 1918, Jun Average, Sri Lanka, LKA
55.4792, 1918, Jul Average, Sri Lanka, LKA
30.1027, 1918, Aug Average, Sri Lanka, LKA
29.5446, 1918, Sep Average, Sri Lanka, LKA
237.897, 1918, Oct Average, Sri Lanka, LKA
361.3, 1918, Nov Average, Sri Lanka, LKA
216.496, 1918, Dec Average, Sri Lanka, LKA
81.5026, 1919, Jan Average, Sri Lanka, LKA
22.5669, 1919, Feb Average, Sri Lanka, LKA
82.2184, 1919, Mar Average, Sri Lanka, LKA
71.1952, 1919, Apr Average, Sri Lanka, LKA
164.294, 1919, May Average, Sri Lanka, LKA
160.569, 1919, Jun Average, Sri Lanka, LKA
46.0664, 1919, Jul Average, Sri Lanka, LKA
24.8395, 1919, Aug Average, Sri Lanka, LKA
197.714, 1919, Sep Average, Sri Lanka, LKA
269.515, 1919, Oct Average, Sri Lanka, LKA
288.542, 1919, Nov Average, Sri Lanka, LKA
359.952, 1919, Dec Average, Sri Lanka, LKA
125.478, 1920, Jan Average, Sri Lanka, LKA
22.0034, 1920, Feb Average, Sri Lanka, LKA
114.266, 1920, Mar Average, Sri Lanka, LKA
258.473, 1920, Apr Average, Sri Lanka, LKA
74.7212, 1920, May Average, Sri Lanka, LKA
100.592, 1920, Jun Average, Sri Lanka, LKA
13.5192, 1920, Jul Average, Sri Lanka, LKA
46.4573, 1920, Aug Average, Sri Lanka, LKA
53.1179, 1920, Sep Average, Sri Lanka, LKA
137.701, 1920, Oct Average, Sri Lanka, LKA
487.006, 1920, Nov Average, Sri Lanka, LKA
112.775, 1920, Dec Average, Sri Lanka, LKA
273.04, 1921, Jan Average, Sri Lanka, LKA
2.02006, 1921, Feb Average, Sri Lanka, LKA
56.3633, 1921, Mar Average, Sri Lanka, LKA
159.264, 1921, Apr Average, Sri Lanka, LKA
18.1203, 1921, May Average, Sri Lanka, LKA
67.5954, 1921, Jun Average, Sri Lanka, LKA
88.0586, 1921, Jul Average, Sri Lanka, LKA
79.0308, 1921, Aug Average, Sri Lanka, LKA
69.5408, 1921, Sep Average, Sri Lanka, LKA
304.289, 1921, Oct Average, Sri Lanka, LKA
185.766, 1921, Nov Average, Sri Lanka, LKA
291.041, 1921, Dec Average, Sri Lanka, LKA
77.9032, 1922, Jan Average, Sri Lanka, LKA
137.235, 1922, Feb Average, Sri Lanka, LKA
21.4126, 1922, Mar Average, Sri Lanka, LKA
193.917, 1922, Apr Average, Sri Lanka, LKA
181.077, 1922, May Average, Sri Lanka, LKA
91.7715, 1922, Jun Average, Sri Lanka, LKA
18.8962, 1922, Jul Average, Sri Lanka, LKA
39.7763, 1922, Aug Average, Sri Lanka, LKA
36.486, 1922, Sep Average, Sri Lanka, LKA
377.594, 1922, Oct Average, Sri Lanka, LKA
329.675, 1922, Nov Average, Sri Lanka, LKA
142.473, 1922, Dec Average, Sri Lanka, LKA
305.266, 1923, Jan Average, Sri Lanka, LKA
16.0538, 1923, Feb Average, Sri Lanka, LKA
114.662, 1923, Mar Average, Sri Lanka, LKA
67.3621, 1923, Apr Average, Sri Lanka, LKA
34.3776, 1923, May Average, Sri Lanka, LKA
83.8197, 1923, Jun Average, Sri Lanka, LKA
142.784, 1923, Jul Average, Sri Lanka, LKA
59.1389, 1923, Aug Average, Sri Lanka, LKA
194.408, 1923, Sep Average, Sri Lanka, LKA
314.217, 1923, Oct Average, Sri Lanka, LKA
302.045, 1923, Nov Average, Sri Lanka, LKA
396.037, 1923, Dec Average, Sri Lanka, LKA
125.074, 1924, Jan Average, Sri Lanka, LKA
20.6407, 1924, Feb Average, Sri Lanka, LKA
244.2, 1924, Mar Average, Sri Lanka, LKA
97.6977, 1924, Apr Average, Sri Lanka, LKA
147.705, 1924, May Average, Sri Lanka, LKA
54.7887, 1924, Jun Average, Sri Lanka, LKA
185.488, 1924, Jul Average, Sri Lanka, LKA
109.433, 1924, Aug Average, Sri Lanka, LKA
223.868, 1924, Sep Average, Sri Lanka, LKA
225.881, 1924, Oct Average, Sri Lanka, LKA
213.246, 1924, Nov Average, Sri Lanka, LKA
204.364, 1924, Dec Average, Sri Lanka, LKA
225.916, 1925, Jan Average, Sri Lanka, LKA
104.42, 1925, Feb Average, Sri Lanka, LKA
208.761, 1925, Mar Average, Sri Lanka, LKA
122.77, 1925, Apr Average, Sri Lanka, LKA
54.0632, 1925, May Average, Sri Lanka, LKA
104.317, 1925, Jun Average, Sri Lanka, LKA
34.1015, 1925, Jul Average, Sri Lanka, LKA
121.405, 1925, Aug Average, Sri Lanka, LKA
71.7543, 1925, Sep Average, Sri Lanka, LKA
318.349, 1925, Oct Average, Sri Lanka, LKA
448.181, 1925, Nov Average, Sri Lanka, LKA
278.081, 1925, Dec Average, Sri Lanka, LKA
166.651, 1926, Jan Average, Sri Lanka, LKA
16.9917, 1926, Feb Average, Sri Lanka, LKA
63.9135, 1926, Mar Average, Sri Lanka, LKA
61.9714, 1926, Apr Average, Sri Lanka, LKA
209.98, 1926, May Average, Sri Lanka, LKA
88.9604, 1926, Jun Average, Sri Lanka, LKA
169.188, 1926, Jul Average, Sri Lanka, LKA
61.1199, 1926, Aug Average, Sri Lanka, LKA
139.136, 1926, Sep Average, Sri Lanka, LKA
250.635, 1926, Oct Average, Sri Lanka, LKA
330.413, 1926, Nov Average, Sri Lanka, LKA
144.373, 1926, Dec Average, Sri Lanka, LKA
183.896, 1927, Jan Average, Sri Lanka, LKA
148.158, 1927, Feb Average, Sri Lanka, LKA
191.072, 1927, Mar Average, Sri Lanka, LKA
211.545, 1927, Apr Average, Sri Lanka, LKA
205.676, 1927, May Average, Sri Lanka, LKA
84.5989, 1927, Jun Average, Sri Lanka, LKA
34.3439, 1927, Jul Average, Sri Lanka, LKA
52.2818, 1927, Aug Average, Sri Lanka, LKA
195.96, 1927, Sep Average, Sri Lanka, LKA
115.023, 1927, Oct Average, Sri Lanka, LKA
249.935, 1927, Nov Average, Sri Lanka, LKA
109.132, 1927, Dec Average, Sri Lanka, LKA
141.31, 1928, Jan Average, Sri Lanka, LKA
161.928, 1928, Feb Average, Sri Lanka, LKA
65.8511, 1928, Mar Average, Sri Lanka, LKA
157.488, 1928, Apr Average, Sri Lanka, LKA
71.1513, 1928, May Average, Sri Lanka, LKA
37.2921, 1928, Jun Average, Sri Lanka, LKA
128.035, 1928, Jul Average, Sri Lanka, LKA
64.1457, 1928, Aug Average, Sri Lanka, LKA
38.6626, 1928, Sep Average, Sri Lanka, LKA
290.159, 1928, Oct Average, Sri Lanka, LKA
419.834, 1928, Nov Average, Sri Lanka, LKA
175.693, 1928, Dec Average, Sri Lanka, LKA
53.9612, 1929, Jan Average, Sri Lanka, LKA
61.0796, 1929, Feb Average, Sri Lanka, LKA
106.115, 1929, Mar Average, Sri Lanka, LKA
309.508, 1929, Apr Average, Sri Lanka, LKA
123.344, 1929, May Average, Sri Lanka, LKA
107.825, 1929, Jun Average, Sri Lanka, LKA
24.6982, 1929, Jul Average, Sri Lanka, LKA
55.8958, 1929, Aug Average, Sri Lanka, LKA
236.294, 1929, Sep Average, Sri Lanka, LKA
129.581, 1929, Oct Average, Sri Lanka, LKA
309.555, 1929, Nov Average, Sri Lanka, LKA
259.118, 1929, Dec Average, Sri Lanka, LKA
155.629, 1930, Jan Average, Sri Lanka, LKA
61.6365, 1930, Feb Average, Sri Lanka, LKA
92.1111, 1930, Mar Average, Sri Lanka, LKA
172.579, 1930, Apr Average, Sri Lanka, LKA
408.881, 1930, May Average, Sri Lanka, LKA
80.343, 1930, Jun Average, Sri Lanka, LKA
25.6069, 1930, Jul Average, Sri Lanka, LKA
80.4395, 1930, Aug Average, Sri Lanka, LKA
98.3618, 1930, Sep Average, Sri Lanka, LKA
472.925, 1930, Oct Average, Sri Lanka, LKA
188.239, 1930, Nov Average, Sri Lanka, LKA
87.9812, 1930, Dec Average, Sri Lanka, LKA
247.051, 1931, Jan Average, Sri Lanka, LKA
47.8804, 1931, Feb Average, Sri Lanka, LKA
44.7207, 1931, Mar Average, Sri Lanka, LKA
231.834, 1931, Apr Average, Sri Lanka, LKA
86.8215, 1931, May Average, Sri Lanka, LKA
78.0399, 1931, Jun Average, Sri Lanka, LKA
96.4033, 1931, Jul Average, Sri Lanka, LKA
112.981, 1931, Aug Average, Sri Lanka, LKA
78.1099, 1931, Sep Average, Sri Lanka, LKA
162.519, 1931, Oct Average, Sri Lanka, LKA
397.925, 1931, Nov Average, Sri Lanka, LKA
502.977, 1931, Dec Average, Sri Lanka, LKA
17.4307, 1932, Jan Average, Sri Lanka, LKA
73.7978, 1932, Feb Average, Sri Lanka, LKA
57.888, 1932, Mar Average, Sri Lanka, LKA
125.778, 1932, Apr Average, Sri Lanka, LKA
237.778, 1932, May Average, Sri Lanka, LKA
26.0785, 1932, Jun Average, Sri Lanka, LKA
13.349, 1932, Jul Average, Sri Lanka, LKA
271.858, 1932, Aug Average, Sri Lanka, LKA
95.1408, 1932, Sep Average, Sri Lanka, LKA
422.536, 1932, Oct Average, Sri Lanka, LKA
329.041, 1932, Nov Average, Sri Lanka, LKA
193.008, 1932, Dec Average, Sri Lanka, LKA
171.622, 1933, Jan Average, Sri Lanka, LKA
54.8713, 1933, Feb Average, Sri Lanka, LKA
61.8295, 1933, Mar Average, Sri Lanka, LKA
137.112, 1933, Apr Average, Sri Lanka, LKA
222.265, 1933, May Average, Sri Lanka, LKA
69.8467, 1933, Jun Average, Sri Lanka, LKA
64.3984, 1933, Jul Average, Sri Lanka, LKA
190.113, 1933, Aug Average, Sri Lanka, LKA
76.5589, 1933, Sep Average, Sri Lanka, LKA
264.445, 1933, Oct Average, Sri Lanka, LKA
252.242, 1933, Nov Average, Sri Lanka, LKA
109.989, 1933, Dec Average, Sri Lanka, LKA
320.699, 1934, Jan Average, Sri Lanka, LKA
98.849, 1934, Feb Average, Sri Lanka, LKA
119.904, 1934, Mar Average, Sri Lanka, LKA
113.441, 1934, Apr Average, Sri Lanka, LKA
61.8933, 1934, May Average, Sri Lanka, LKA
110.629, 1934, Jun Average, Sri Lanka, LKA
29.8821, 1934, Jul Average, Sri Lanka, LKA
38.4678, 1934, Aug Average, Sri Lanka, LKA
18.3997, 1934, Sep Average, Sri Lanka, LKA
398.186, 1934, Oct Average, Sri Lanka, LKA
187.054, 1934, Nov Average, Sri Lanka, LKA
83.1507, 1934, Dec Average, Sri Lanka, LKA
112.372, 1935, Jan Average, Sri Lanka, LKA
53.0119, 1935, Feb Average, Sri Lanka, LKA
85.2173, 1935, Mar Average, Sri Lanka, LKA
147.893, 1935, Apr Average, Sri Lanka, LKA
124.703, 1935, May Average, Sri Lanka, LKA
113.26, 1935, Jun Average, Sri Lanka, LKA
22.3566, 1935, Jul Average, Sri Lanka, LKA
121.322, 1935, Aug Average, Sri Lanka, LKA
74.5582, 1935, Sep Average, Sri Lanka, LKA
254.079, 1935, Oct Average, Sri Lanka, LKA
390.324, 1935, Nov Average, Sri Lanka, LKA
409.462, 1935, Dec Average, Sri Lanka, LKA
91.0458, 1936, Jan Average, Sri Lanka, LKA
89.6252, 1936, Feb Average, Sri Lanka, LKA
135.746, 1936, Mar Average, Sri Lanka, LKA
36.1504, 1936, Apr Average, Sri Lanka, LKA
175.22, 1936, May Average, Sri Lanka, LKA
44.8005, 1936, Jun Average, Sri Lanka, LKA
49.5358, 1936, Jul Average, Sri Lanka, LKA
39.9647, 1936, Aug Average, Sri Lanka, LKA
166.308, 1936, Sep Average, Sri Lanka, LKA
169.113, 1936, Oct Average, Sri Lanka, LKA
241.724, 1936, Nov Average, Sri Lanka, LKA
333.128, 1936, Dec Average, Sri Lanka, LKA
185.361, 1937, Jan Average, Sri Lanka, LKA
117.848, 1937, Feb Average, Sri Lanka, LKA
99.5785, 1937, Mar Average, Sri Lanka, LKA
205.7, 1937, Apr Average, Sri Lanka, LKA
79.3664, 1937, May Average, Sri Lanka, LKA
24.3926, 1937, Jun Average, Sri Lanka, LKA
42.321, 1937, Jul Average, Sri Lanka, LKA
73.2898, 1937, Aug Average, Sri Lanka, LKA
129.658, 1937, Sep Average, Sri Lanka, LKA
182.138, 1937, Oct Average, Sri Lanka, LKA
385.124, 1937, Nov Average, Sri Lanka, LKA
60.7584, 1937, Dec Average, Sri Lanka, LKA
109.396, 1938, Jan Average, Sri Lanka, LKA
217.664, 1938, Feb Average, Sri Lanka, LKA
199.23, 1938, Mar Average, Sri Lanka, LKA
234.496, 1938, Apr Average, Sri Lanka, LKA
24.3838, 1938, May Average, Sri Lanka, LKA
28.0952, 1938, Jun Average, Sri Lanka, LKA
61.0876, 1938, Jul Average, Sri Lanka, LKA
140.26, 1938, Aug Average, Sri Lanka, LKA
91.6974, 1938, Sep Average, Sri Lanka, LKA
145.928, 1938, Oct Average, Sri Lanka, LKA
112.615, 1938, Nov Average, Sri Lanka, LKA
181.697, 1938, Dec Average, Sri Lanka, LKA
125.203, 1939, Jan Average, Sri Lanka, LKA
48.3765, 1939, Feb Average, Sri Lanka, LKA
65.3944, 1939, Mar Average, Sri Lanka, LKA
303.779, 1939, Apr Average, Sri Lanka, LKA
155.368, 1939, May Average, Sri Lanka, LKA
40.6493, 1939, Jun Average, Sri Lanka, LKA
64.9849, 1939, Jul Average, Sri Lanka, LKA
87.7193, 1939, Aug Average, Sri Lanka, LKA
56.6333, 1939, Sep Average, Sri Lanka, LKA
214.11, 1939, Oct Average, Sri Lanka, LKA
423.646, 1939, Nov Average, Sri Lanka, LKA
152.139, 1939, Dec Average, Sri Lanka, LKA
9.67266, 1940, Jan Average, Sri Lanka, LKA
43.689, 1940, Feb Average, Sri Lanka, LKA
17.9263, 1940, Mar Average, Sri Lanka, LKA
196.593, 1940, Apr Average, Sri Lanka, LKA
218.841, 1940, May Average, Sri Lanka, LKA
67.4241, 1940, Jun Average, Sri Lanka, LKA
20.1159, 1940, Jul Average, Sri Lanka, LKA
28.6132, 1940, Aug Average, Sri Lanka, LKA
92.8865, 1940, Sep Average, Sri Lanka, LKA
279.923, 1940, Oct Average, Sri Lanka, LKA
432.883, 1940, Nov Average, Sri Lanka, LKA
240.469, 1940, Dec Average, Sri Lanka, LKA
103.895, 1941, Jan Average, Sri Lanka, LKA
78.6358, 1941, Feb Average, Sri Lanka, LKA
78.7628, 1941, Mar Average, Sri Lanka, LKA
164.339, 1941, Apr Average, Sri Lanka, LKA
129.308, 1941, May Average, Sri Lanka, LKA
89.9979, 1941, Jun Average, Sri Lanka, LKA
61.7798, 1941, Jul Average, Sri Lanka, LKA
77.9559, 1941, Aug Average, Sri Lanka, LKA
173.171, 1941, Sep Average, Sri Lanka, LKA
303.306, 1941, Oct Average, Sri Lanka, LKA
450.373, 1941, Nov Average, Sri Lanka, LKA
160.834, 1941, Dec Average, Sri Lanka, LKA
69.6521, 1942, Jan Average, Sri Lanka, LKA
41.013, 1942, Feb Average, Sri Lanka, LKA
89.3172, 1942, Mar Average, Sri Lanka, LKA
237.797, 1942, Apr Average, Sri Lanka, LKA
165.128, 1942, May Average, Sri Lanka, LKA
44.0514, 1942, Jun Average, Sri Lanka, LKA
21.5174, 1942, Jul Average, Sri Lanka, LKA
86.1844, 1942, Aug Average, Sri Lanka, LKA
87.5581, 1942, Sep Average, Sri Lanka, LKA
226.517, 1942, Oct Average, Sri Lanka, LKA
181.105, 1942, Nov Average, Sri Lanka, LKA
435.561, 1942, Dec Average, Sri Lanka, LKA
165.726, 1943, Jan Average, Sri Lanka, LKA
91.2472, 1943, Feb Average, Sri Lanka, LKA
87.1246, 1943, Mar Average, Sri Lanka, LKA
184.348, 1943, Apr Average, Sri Lanka, LKA
192.583, 1943, May Average, Sri Lanka, LKA
40.0304, 1943, Jun Average, Sri Lanka, LKA
28.4756, 1943, Jul Average, Sri Lanka, LKA
37.5942, 1943, Aug Average, Sri Lanka, LKA
29.3242, 1943, Sep Average, Sri Lanka, LKA
264.09, 1943, Oct Average, Sri Lanka, LKA
249.816, 1943, Nov Average, Sri Lanka, LKA
235.264, 1943, Dec Average, Sri Lanka, LKA
98.6544, 1944, Jan Average, Sri Lanka, LKA
211.064, 1944, Feb Average, Sri Lanka, LKA
162.545, 1944, Mar Average, Sri Lanka, LKA
109.929, 1944, Apr Average, Sri Lanka, LKA
83.1575, 1944, May Average, Sri Lanka, LKA
101.615, 1944, Jun Average, Sri Lanka, LKA
40.2867, 1944, Jul Average, Sri Lanka, LKA
87.0172, 1944, Aug Average, Sri Lanka, LKA
136.254, 1944, Sep Average, Sri Lanka, LKA
278.525, 1944, Oct Average, Sri Lanka, LKA
386.355, 1944, Nov Average, Sri Lanka, LKA
161.582, 1944, Dec Average, Sri Lanka, LKA
8.97258, 1945, Jan Average, Sri Lanka, LKA
35.307, 1945, Feb Average, Sri Lanka, LKA
117.447, 1945, Mar Average, Sri Lanka, LKA
139.855, 1945, Apr Average, Sri Lanka, LKA
38.0629, 1945, May Average, Sri Lanka, LKA
84.3668, 1945, Jun Average, Sri Lanka, LKA
96.8685, 1945, Jul Average, Sri Lanka, LKA
68.7713, 1945, Aug Average, Sri Lanka, LKA
27.219, 1945, Sep Average, Sri Lanka, LKA
315.629, 1945, Oct Average, Sri Lanka, LKA
378.768, 1945, Nov Average, Sri Lanka, LKA
145.633, 1945, Dec Average, Sri Lanka, LKA
45.9054, 1946, Jan Average, Sri Lanka, LKA
66.6198, 1946, Feb Average, Sri Lanka, LKA
159.724, 1946, Mar Average, Sri Lanka, LKA
135.718, 1946, Apr Average, Sri Lanka, LKA
64.1322, 1946, May Average, Sri Lanka, LKA
66.5357, 1946, Jun Average, Sri Lanka, LKA
39.442, 1946, Jul Average, Sri Lanka, LKA
106.338, 1946, Aug Average, Sri Lanka, LKA
80.6634, 1946, Sep Average, Sri Lanka, LKA
275.187, 1946, Oct Average, Sri Lanka, LKA
388.758, 1946, Nov Average, Sri Lanka, LKA
453.378, 1946, Dec Average, Sri Lanka, LKA
216.507, 1947, Jan Average, Sri Lanka, LKA
104.185, 1947, Feb Average, Sri Lanka, LKA
166.725, 1947, Mar Average, Sri Lanka, LKA
180.141, 1947, Apr Average, Sri Lanka, LKA
137.106, 1947, May Average, Sri Lanka, LKA
140.643, 1947, Jun Average, Sri Lanka, LKA
91.3241, 1947, Jul Average, Sri Lanka, LKA
148.262, 1947, Aug Average, Sri Lanka, LKA
98.8763, 1947, Sep Average, Sri Lanka, LKA
240.206, 1947, Oct Average, Sri Lanka, LKA
125.263, 1947, Nov Average, Sri Lanka, LKA
229.273, 1947, Dec Average, Sri Lanka, LKA
109.106, 1948, Jan Average, Sri Lanka, LKA
6.31971, 1948, Feb Average, Sri Lanka, LKA
42.5179, 1948, Mar Average, Sri Lanka, LKA
179.742, 1948, Apr Average, Sri Lanka, LKA
79.7965, 1948, May Average, Sri Lanka, LKA
61.0231, 1948, Jun Average, Sri Lanka, LKA
22.9279, 1948, Jul Average, Sri Lanka, LKA
101.862, 1948, Aug Average, Sri Lanka, LKA
43.3589, 1948, Sep Average, Sri Lanka, LKA
231.485, 1948, Oct Average, Sri Lanka, LKA
305.825, 1948, Nov Average, Sri Lanka, LKA
297.715, 1948, Dec Average, Sri Lanka, LKA
158.198, 1949, Jan Average, Sri Lanka, LKA
36.8593, 1949, Feb Average, Sri Lanka, LKA
46.832, 1949, Mar Average, Sri Lanka, LKA
211.182, 1949, Apr Average, Sri Lanka, LKA
189.774, 1949, May Average, Sri Lanka, LKA
70.118, 1949, Jun Average, Sri Lanka, LKA
111.86, 1949, Jul Average, Sri Lanka, LKA
160.739, 1949, Aug Average, Sri Lanka, LKA
49.0195, 1949, Sep Average, Sri Lanka, LKA
192.318, 1949, Oct Average, Sri Lanka, LKA
241.262, 1949, Nov Average, Sri Lanka, LKA
303.262, 1949, Dec Average, Sri Lanka, LKA
46.6524, 1950, Jan Average, Sri Lanka, LKA
167.589, 1950, Feb Average, Sri Lanka, LKA
78.4657, 1950, Mar Average, Sri Lanka, LKA
95.5282, 1950, Apr Average, Sri Lanka, LKA
133.745, 1950, May Average, Sri Lanka, LKA
29.3098, 1950, Jun Average, Sri Lanka, LKA
31.9793, 1950, Jul Average, Sri Lanka, LKA
111.638, 1950, Aug Average, Sri Lanka, LKA
52.3387, 1950, Sep Average, Sri Lanka, LKA
206.71, 1950, Oct Average, Sri Lanka, LKA
192.395, 1950, Nov Average, Sri Lanka, LKA
130.918, 1950, Dec Average, Sri Lanka, LKA
249.106, 1951, Jan Average, Sri Lanka, LKA
124.912, 1951, Feb Average, Sri Lanka, LKA
86.9363, 1951, Mar Average, Sri Lanka, LKA
237.848, 1951, Apr Average, Sri Lanka, LKA
188.782, 1951, May Average, Sri Lanka, LKA
97.6448, 1951, Jun Average, Sri Lanka, LKA
71.2962, 1951, Jul Average, Sri Lanka, LKA
19.2759, 1951, Aug Average, Sri Lanka, LKA
166.237, 1951, Sep Average, Sri Lanka, LKA
152.851, 1951, Oct Average, Sri Lanka, LKA
393.726, 1951, Nov Average, Sri Lanka, LKA
146.845, 1951, Dec Average, Sri Lanka, LKA
230.869, 1952, Jan Average, Sri Lanka, LKA
117.701, 1952, Feb Average, Sri Lanka, LKA
51.6805, 1952, Mar Average, Sri Lanka, LKA
133.609, 1952, Apr Average, Sri Lanka, LKA
127.567, 1952, May Average, Sri Lanka, LKA
53.9127, 1952, Jun Average, Sri Lanka, LKA
72.6659, 1952, Jul Average, Sri Lanka, LKA
21.1197, 1952, Aug Average, Sri Lanka, LKA
39.015, 1952, Sep Average, Sri Lanka, LKA
206.297, 1952, Oct Average, Sri Lanka, LKA
178.27, 1952, Nov Average, Sri Lanka, LKA
111.634, 1952, Dec Average, Sri Lanka, LKA
149.847, 1953, Jan Average, Sri Lanka, LKA
161.974, 1953, Feb Average, Sri Lanka, LKA
87.3213, 1953, Mar Average, Sri Lanka, LKA
198.758, 1953, Apr Average, Sri Lanka, LKA
6.12402, 1953, May Average, Sri Lanka, LKA
75.8874, 1953, Jun Average, Sri Lanka, LKA
221.556, 1953, Jul Average, Sri Lanka, LKA
55.9289, 1953, Aug Average, Sri Lanka, LKA
80.5101, 1953, Sep Average, Sri Lanka, LKA
321.582, 1953, Oct Average, Sri Lanka, LKA
273.64, 1953, Nov Average, Sri Lanka, LKA
107.064, 1953, Dec Average, Sri Lanka, LKA
210.307, 1954, Jan Average, Sri Lanka, LKA
70.2538, 1954, Feb Average, Sri Lanka, LKA
196.289, 1954, Mar Average, Sri Lanka, LKA
285.336, 1954, Apr Average, Sri Lanka, LKA
104.681, 1954, May Average, Sri Lanka, LKA
18.9995, 1954, Jun Average, Sri Lanka, LKA
99.0626, 1954, Jul Average, Sri Lanka, LKA
128.761, 1954, Aug Average, Sri Lanka, LKA
41.6247, 1954, Sep Average, Sri Lanka, LKA
296.451, 1954, Oct Average, Sri Lanka, LKA
146.074, 1954, Nov Average, Sri Lanka, LKA
342.92, 1954, Dec Average, Sri Lanka, LKA
251.278, 1955, Jan Average, Sri Lanka, LKA
140.111, 1955, Feb Average, Sri Lanka, LKA
91.6094, 1955, Mar Average, Sri Lanka, LKA
234.063, 1955, Apr Average, Sri Lanka, LKA
161.367, 1955, May Average, Sri Lanka, LKA
41.6638, 1955, Jun Average, Sri Lanka, LKA
31.5545, 1955, Jul Average, Sri Lanka, LKA
104.491, 1955, Aug Average, Sri Lanka, LKA
131.693, 1955, Sep Average, Sri Lanka, LKA
169.064, 1955, Oct Average, Sri Lanka, LKA
201.932, 1955, Nov Average, Sri Lanka, LKA
194.75, 1955, Dec Average, Sri Lanka, LKA
85.5939, 1956, Jan Average, Sri Lanka, LKA
31.3889, 1956, Feb Average, Sri Lanka, LKA
81.1343, 1956, Mar Average, Sri Lanka, LKA
93.6665, 1956, Apr Average, Sri Lanka, LKA
28.5159, 1956, May Average, Sri Lanka, LKA
130.941, 1956, Jun Average, Sri Lanka, LKA
25.6634, 1956, Jul Average, Sri Lanka, LKA
131.404, 1956, Aug Average, Sri Lanka, LKA
89.0841, 1956, Sep Average, Sri Lanka, LKA
195.258, 1956, Oct Average, Sri Lanka, LKA
306.265, 1956, Nov Average, Sri Lanka, LKA
214.91, 1956, Dec Average, Sri Lanka, LKA
89.3161, 1957, Jan Average, Sri Lanka, LKA
97.8592, 1957, Feb Average, Sri Lanka, LKA
13.3686, 1957, Mar Average, Sri Lanka, LKA
51.7246, 1957, Apr Average, Sri Lanka, LKA
191.081, 1957, May Average, Sri Lanka, LKA
82.9897, 1957, Jun Average, Sri Lanka, LKA
59.6313, 1957, Jul Average, Sri Lanka, LKA
32.0736, 1957, Aug Average, Sri Lanka, LKA
36.4864, 1957, Sep Average, Sri Lanka, LKA
271.889, 1957, Oct Average, Sri Lanka, LKA
503.666, 1957, Nov Average, Sri Lanka, LKA
643.46, 1957, Dec Average, Sri Lanka, LKA
77.6217, 1958, Jan Average, Sri Lanka, LKA
60.5106, 1958, Feb Average, Sri Lanka, LKA
96.6314, 1958, Mar Average, Sri Lanka, LKA
198.209, 1958, Apr Average, Sri Lanka, LKA
220.729, 1958, May Average, Sri Lanka, LKA
40.5379, 1958, Jun Average, Sri Lanka, LKA
57.4619, 1958, Jul Average, Sri Lanka, LKA
126.164, 1958, Aug Average, Sri Lanka, LKA
58.7466, 1958, Sep Average, Sri Lanka, LKA
281.271, 1958, Oct Average, Sri Lanka, LKA
216.351, 1958, Nov Average, Sri Lanka, LKA
131.048, 1958, Dec Average, Sri Lanka, LKA
90.2178, 1959, Jan Average, Sri Lanka, LKA
56.8998, 1959, Feb Average, Sri Lanka, LKA
7.57818, 1959, Mar Average, Sri Lanka, LKA
262.874, 1959, Apr Average, Sri Lanka, LKA
202.809, 1959, May Average, Sri Lanka, LKA
159.539, 1959, Jun Average, Sri Lanka, LKA
47.9979, 1959, Jul Average, Sri Lanka, LKA
94.8452, 1959, Aug Average, Sri Lanka, LKA
124.502, 1959, Sep Average, Sri Lanka, LKA
237.399, 1959, Oct Average, Sri Lanka, LKA
299.344, 1959, Nov Average, Sri Lanka, LKA
153.659, 1959, Dec Average, Sri Lanka, LKA
112.417, 1960, Jan Average, Sri Lanka, LKA
208.667, 1960, Feb Average, Sri Lanka, LKA
47.3294, 1960, Mar Average, Sri Lanka, LKA
181.324, 1960, Apr Average, Sri Lanka, LKA
119.736, 1960, May Average, Sri Lanka, LKA
23.0369, 1960, Jun Average, Sri Lanka, LKA
256.774, 1960, Jul Average, Sri Lanka, LKA
32.2694, 1960, Aug Average, Sri Lanka, LKA
83.1659, 1960, Sep Average, Sri Lanka, LKA
218.108, 1960, Oct Average, Sri Lanka, LKA
389.955, 1960, Nov Average, Sri Lanka, LKA
91.4512, 1960, Dec Average, Sri Lanka, LKA
197.269, 1961, Jan Average, Sri Lanka, LKA
102.993, 1961, Feb Average, Sri Lanka, LKA
113.36, 1961, Mar Average, Sri Lanka, LKA
169.054, 1961, Apr Average, Sri Lanka, LKA
167.316, 1961, May Average, Sri Lanka, LKA
158.143, 1961, Jun Average, Sri Lanka, LKA
151.81, 1961, Jul Average, Sri Lanka, LKA
125.535, 1961, Aug Average, Sri Lanka, LKA
212.12, 1961, Sep Average, Sri Lanka, LKA
263.171, 1961, Oct Average, Sri Lanka, LKA
377.324, 1961, Nov Average, Sri Lanka, LKA
266.617, 1961, Dec Average, Sri Lanka, LKA
131.531, 1962, Jan Average, Sri Lanka, LKA
61.6659, 1962, Feb Average, Sri Lanka, LKA
58.6563, 1962, Mar Average, Sri Lanka, LKA
173.587, 1962, Apr Average, Sri Lanka, LKA
224.3, 1962, May Average, Sri Lanka, LKA
75.9273, 1962, Jun Average, Sri Lanka, LKA
36.8436, 1962, Jul Average, Sri Lanka, LKA
158.28, 1962, Aug Average, Sri Lanka, LKA
107.552, 1962, Sep Average, Sri Lanka, LKA
347.05, 1962, Oct Average, Sri Lanka, LKA
192.073, 1962, Nov Average, Sri Lanka, LKA
172.852, 1962, Dec Average, Sri Lanka, LKA
278.781, 1963, Jan Average, Sri Lanka, LKA
165.092, 1963, Feb Average, Sri Lanka, LKA
136.317, 1963, Mar Average, Sri Lanka, LKA
203.372, 1963, Apr Average, Sri Lanka, LKA
108.756, 1963, May Average, Sri Lanka, LKA
86.7639, 1963, Jun Average, Sri Lanka, LKA
143.601, 1963, Jul Average, Sri Lanka, LKA
160.106, 1963, Aug Average, Sri Lanka, LKA
161.584, 1963, Sep Average, Sri Lanka, LKA
306.151, 1963, Oct Average, Sri Lanka, LKA
425.475, 1963, Nov Average, Sri Lanka, LKA
310.032, 1963, Dec Average, Sri Lanka, LKA
66.1269, 1964, Jan Average, Sri Lanka, LKA
165.498, 1964, Feb Average, Sri Lanka, LKA
124.159, 1964, Mar Average, Sri Lanka, LKA
79.1851, 1964, Apr Average, Sri Lanka, LKA
77.4872, 1964, May Average, Sri Lanka, LKA
62.6802, 1964, Jun Average, Sri Lanka, LKA
165.82, 1964, Jul Average, Sri Lanka, LKA
95.6263, 1964, Aug Average, Sri Lanka, LKA
110.761, 1964, Sep Average, Sri Lanka, LKA
148.798, 1964, Oct Average, Sri Lanka, LKA
152.053, 1964, Nov Average, Sri Lanka, LKA
133.273, 1964, Dec Average, Sri Lanka, LKA
30.2339, 1965, Jan Average, Sri Lanka, LKA
144.096, 1965, Feb Average, Sri Lanka, LKA
58.264, 1965, Mar Average, Sri Lanka, LKA
207.793, 1965, Apr Average, Sri Lanka, LKA
142.906, 1965, May Average, Sri Lanka, LKA
65.3606, 1965, Jun Average, Sri Lanka, LKA
13.3449, 1965, Jul Average, Sri Lanka, LKA
199.887, 1965, Aug Average, Sri Lanka, LKA
132.879, 1965, Sep Average, Sri Lanka, LKA
335.469, 1965, Oct Average, Sri Lanka, LKA
311.001, 1965, Nov Average, Sri Lanka, LKA
335.199, 1965, Dec Average, Sri Lanka, LKA
132.684, 1966, Jan Average, Sri Lanka, LKA
38.202, 1966, Feb Average, Sri Lanka, LKA
151.57, 1966, Mar Average, Sri Lanka, LKA
203.439, 1966, Apr Average, Sri Lanka, LKA
30.5341, 1966, May Average, Sri Lanka, LKA
46.4383, 1966, Jun Average, Sri Lanka, LKA
36.7062, 1966, Jul Average, Sri Lanka, LKA
91.297, 1966, Aug Average, Sri Lanka, LKA
199.758, 1966, Sep Average, Sri Lanka, LKA
348.667, 1966, Oct Average, Sri Lanka, LKA
234.313, 1966, Nov Average, Sri Lanka, LKA
186.254, 1966, Dec Average, Sri Lanka, LKA
60.7977, 1967, Jan Average, Sri Lanka, LKA
118.326, 1967, Feb Average, Sri Lanka, LKA
66.3763, 1967, Mar Average, Sri Lanka, LKA
104.81, 1967, Apr Average, Sri Lanka, LKA
117.331, 1967, May Average, Sri Lanka, LKA
93.1687, 1967, Jun Average, Sri Lanka, LKA
140.149, 1967, Jul Average, Sri Lanka, LKA
85.2634, 1967, Aug Average, Sri Lanka, LKA
79.7101, 1967, Sep Average, Sri Lanka, LKA
456.067, 1967, Oct Average, Sri Lanka, LKA
400.123, 1967, Nov Average, Sri Lanka, LKA
351.292, 1967, Dec Average, Sri Lanka, LKA
65.2867, 1968, Jan Average, Sri Lanka, LKA
3.91905, 1968, Feb Average, Sri Lanka, LKA
147.928, 1968, Mar Average, Sri Lanka, LKA
174.48, 1968, Apr Average, Sri Lanka, LKA
34.5612, 1968, May Average, Sri Lanka, LKA
86.497, 1968, Jun Average, Sri Lanka, LKA
75.9848, 1968, Jul Average, Sri Lanka, LKA
39.4442, 1968, Aug Average, Sri Lanka, LKA
63.1883, 1968, Sep Average, Sri Lanka, LKA
224.324, 1968, Oct Average, Sri Lanka, LKA
256.633, 1968, Nov Average, Sri Lanka, LKA
127.394, 1968, Dec Average, Sri Lanka, LKA
80.0172, 1969, Jan Average, Sri Lanka, LKA
91.4959, 1969, Feb Average, Sri Lanka, LKA
17.4685, 1969, Mar Average, Sri Lanka, LKA
168.418, 1969, Apr Average, Sri Lanka, LKA
144.188, 1969, May Average, Sri Lanka, LKA
33.8346, 1969, Jun Average, Sri Lanka, LKA
12.6401, 1969, Jul Average, Sri Lanka, LKA
214.717, 1969, Aug Average, Sri Lanka, LKA
32.275, 1969, Sep Average, Sri Lanka, LKA
409.089, 1969, Oct Average, Sri Lanka, LKA
232.369, 1969, Nov Average, Sri Lanka, LKA
570.609, 1969, Dec Average, Sri Lanka, LKA
101.126, 1970, Jan Average, Sri Lanka, LKA
159.622, 1970, Feb Average, Sri Lanka, LKA
76.1116, 1970, Mar Average, Sri Lanka, LKA
244.814, 1970, Apr Average, Sri Lanka, LKA
145.2, 1970, May Average, Sri Lanka, LKA
33.4445, 1970, Jun Average, Sri Lanka, LKA
72.6221, 1970, Jul Average, Sri Lanka, LKA
101.498, 1970, Aug Average, Sri Lanka, LKA
69.3106, 1970, Sep Average, Sri Lanka, LKA
218.628, 1970, Oct Average, Sri Lanka, LKA
401.603, 1970, Nov Average, Sri Lanka, LKA
141.286, 1970, Dec Average, Sri Lanka, LKA
153.08, 1971, Jan Average, Sri Lanka, LKA
74.1378, 1971, Feb Average, Sri Lanka, LKA
67.151, 1971, Mar Average, Sri Lanka, LKA
148.371, 1971, Apr Average, Sri Lanka, LKA
95.5274, 1971, May Average, Sri Lanka, LKA
52.0439, 1971, Jun Average, Sri Lanka, LKA
91.9662, 1971, Jul Average, Sri Lanka, LKA
95.7483, 1971, Aug Average, Sri Lanka, LKA
174.021, 1971, Sep Average, Sri Lanka, LKA
179.23, 1971, Oct Average, Sri Lanka, LKA
114.179, 1971, Nov Average, Sri Lanka, LKA
386.375, 1971, Dec Average, Sri Lanka, LKA
30.2659, 1972, Jan Average, Sri Lanka, LKA
3.72983, 1972, Feb Average, Sri Lanka, LKA
19.2632, 1972, Mar Average, Sri Lanka, LKA
109.979, 1972, Apr Average, Sri Lanka, LKA
327.614, 1972, May Average, Sri Lanka, LKA
70.7712, 1972, Jun Average, Sri Lanka, LKA
77.2674, 1972, Jul Average, Sri Lanka, LKA
48.5803, 1972, Aug Average, Sri Lanka, LKA
198.389, 1972, Sep Average, Sri Lanka, LKA
454.441, 1972, Oct Average, Sri Lanka, LKA
289.076, 1972, Nov Average, Sri Lanka, LKA
187.073, 1972, Dec Average, Sri Lanka, LKA
24.0836, 1973, Jan Average, Sri Lanka, LKA
29.8687, 1973, Feb Average, Sri Lanka, LKA
52.736, 1973, Mar Average, Sri Lanka, LKA
127.022, 1973, Apr Average, Sri Lanka, LKA
148.317, 1973, May Average, Sri Lanka, LKA
224.646, 1973, Jun Average, Sri Lanka, LKA
45.0453, 1973, Jul Average, Sri Lanka, LKA
73.641, 1973, Aug Average, Sri Lanka, LKA
73.2126, 1973, Sep Average, Sri Lanka, LKA
326.578, 1973, Oct Average, Sri Lanka, LKA
232.756, 1973, Nov Average, Sri Lanka, LKA
408.57, 1973, Dec Average, Sri Lanka, LKA
3.71626, 1974, Jan Average, Sri Lanka, LKA
105.887, 1974, Feb Average, Sri Lanka, LKA
35.2373, 1974, Mar Average, Sri Lanka, LKA
220.531, 1974, Apr Average, Sri Lanka, LKA
136.189, 1974, May Average, Sri Lanka, LKA
62.8322, 1974, Jun Average, Sri Lanka, LKA
57.6312, 1974, Jul Average, Sri Lanka, LKA
77.5545, 1974, Aug Average, Sri Lanka, LKA
146.319, 1974, Sep Average, Sri Lanka, LKA
84.061, 1974, Oct Average, Sri Lanka, LKA
151.321, 1974, Nov Average, Sri Lanka, LKA
232.113, 1974, Dec Average, Sri Lanka, LKA
74.5426, 1975, Jan Average, Sri Lanka, LKA
76.2453, 1975, Feb Average, Sri Lanka, LKA
173.615, 1975, Mar Average, Sri Lanka, LKA
182.141, 1975, Apr Average, Sri Lanka, LKA
190.34, 1975, May Average, Sri Lanka, LKA
110.806, 1975, Jun Average, Sri Lanka, LKA
135.618, 1975, Jul Average, Sri Lanka, LKA
118.56, 1975, Aug Average, Sri Lanka, LKA
99.1823, 1975, Sep Average, Sri Lanka, LKA
141.165, 1975, Oct Average, Sri Lanka, LKA
310.199, 1975, Nov Average, Sri Lanka, LKA
187.596, 1975, Dec Average, Sri Lanka, LKA
57.5061, 1976, Jan Average, Sri Lanka, LKA
2.47545, 1976, Feb Average, Sri Lanka, LKA
56.0259, 1976, Mar Average, Sri Lanka, LKA
89.1516, 1976, Apr Average, Sri Lanka, LKA
47.0718, 1976, May Average, Sri Lanka, LKA
31.9727, 1976, Jun Average, Sri Lanka, LKA
30.2651, 1976, Jul Average, Sri Lanka, LKA
77.1587, 1976, Aug Average, Sri Lanka, LKA
41.7513, 1976, Sep Average, Sri Lanka, LKA
234.455, 1976, Oct Average, Sri Lanka, LKA
391.052, 1976, Nov Average, Sri Lanka, LKA
308.921, 1976, Dec Average, Sri Lanka, LKA
23.8674, 1977, Jan Average, Sri Lanka, LKA
107.621, 1977, Feb Average, Sri Lanka, LKA
124.87, 1977, Mar Average, Sri Lanka, LKA
135.351, 1977, Apr Average, Sri Lanka, LKA
297.079, 1977, May Average, Sri Lanka, LKA
73.6848, 1977, Jun Average, Sri Lanka, LKA
84.3776, 1977, Jul Average, Sri Lanka, LKA
52.3709, 1977, Aug Average, Sri Lanka, LKA
89.3756, 1977, Sep Average, Sri Lanka, LKA
509.916, 1977, Oct Average, Sri Lanka, LKA
321.956, 1977, Nov Average, Sri Lanka, LKA
113.625, 1977, Dec Average, Sri Lanka, LKA
29.2785, 1978, Jan Average, Sri Lanka, LKA
27.2651, 1978, Feb Average, Sri Lanka, LKA
64.4911, 1978, Mar Average, Sri Lanka, LKA
137.613, 1978, Apr Average, Sri Lanka, LKA
193.743, 1978, May Average, Sri Lanka, LKA
19.2852, 1978, Jun Average, Sri Lanka, LKA
34.1378, 1978, Jul Average, Sri Lanka, LKA
36.4141, 1978, Aug Average, Sri Lanka, LKA
66.1996, 1978, Sep Average, Sri Lanka, LKA
253.567, 1978, Oct Average, Sri Lanka, LKA
502.044, 1978, Nov Average, Sri Lanka, LKA
283.313, 1978, Dec Average, Sri Lanka, LKA
30.656, 1979, Jan Average, Sri Lanka, LKA
133.571, 1979, Feb Average, Sri Lanka, LKA
34.2961, 1979, Mar Average, Sri Lanka, LKA
78.9566, 1979, Apr Average, Sri Lanka, LKA
46.6711, 1979, May Average, Sri Lanka, LKA
118.75, 1979, Jun Average, Sri Lanka, LKA
45.972, 1979, Jul Average, Sri Lanka, LKA
41.6999, 1979, Aug Average, Sri Lanka, LKA
212.875, 1979, Sep Average, Sri Lanka, LKA
271.324, 1979, Oct Average, Sri Lanka, LKA
444.608, 1979, Nov Average, Sri Lanka, LKA
264.723, 1979, Dec Average, Sri Lanka, LKA
10.1546, 1980, Jan Average, Sri Lanka, LKA
0, 1980, Feb Average, Sri Lanka, LKA
28.7516, 1980, Mar Average, Sri Lanka, LKA
242.159, 1980, Apr Average, Sri Lanka, LKA
82.9456, 1980, May Average, Sri Lanka, LKA
100.799, 1980, Jun Average, Sri Lanka, LKA
24.2749, 1980, Jul Average, Sri Lanka, LKA
54.8768, 1980, Aug Average, Sri Lanka, LKA
94.2268, 1980, Sep Average, Sri Lanka, LKA
255.754, 1980, Oct Average, Sri Lanka, LKA
268.368, 1980, Nov Average, Sri Lanka, LKA
136.654, 1980, Dec Average, Sri Lanka, LKA
78.1318, 1981, Jan Average, Sri Lanka, LKA
90.6169, 1981, Feb Average, Sri Lanka, LKA
27.6599, 1981, Mar Average, Sri Lanka, LKA
210.036, 1981, Apr Average, Sri Lanka, LKA
210.614, 1981, May Average, Sri Lanka, LKA
88.4483, 1981, Jun Average, Sri Lanka, LKA
104.655, 1981, Jul Average, Sri Lanka, LKA
72.4849, 1981, Aug Average, Sri Lanka, LKA
159.874, 1981, Sep Average, Sri Lanka, LKA
220.474, 1981, Oct Average, Sri Lanka, LKA
253.768, 1981, Nov Average, Sri Lanka, LKA
152.39, 1981, Dec Average, Sri Lanka, LKA
4.97072, 1982, Jan Average, Sri Lanka, LKA
0, 1982, Feb Average, Sri Lanka, LKA
157.049, 1982, Mar Average, Sri Lanka, LKA
133.45, 1982, Apr Average, Sri Lanka, LKA
104.468, 1982, May Average, Sri Lanka, LKA
104.887, 1982, Jun Average, Sri Lanka, LKA
90.1494, 1982, Jul Average, Sri Lanka, LKA
47.6172, 1982, Aug Average, Sri Lanka, LKA
82.6703, 1982, Sep Average, Sri Lanka, LKA
166.445, 1982, Oct Average, Sri Lanka, LKA
395.974, 1982, Nov Average, Sri Lanka, LKA
198.065, 1982, Dec Average, Sri Lanka, LKA
12.9911, 1983, Jan Average, Sri Lanka, LKA
7.76951, 1983, Feb Average, Sri Lanka, LKA
13.3264, 1983, Mar Average, Sri Lanka, LKA
46.7584, 1983, Apr Average, Sri Lanka, LKA
98.871, 1983, May Average, Sri Lanka, LKA
59.8511, 1983, Jun Average, Sri Lanka, LKA
78.2751, 1983, Jul Average, Sri Lanka, LKA
89.8306, 1983, Aug Average, Sri Lanka, LKA
125.003, 1983, Sep Average, Sri Lanka, LKA
99.8139, 1983, Oct Average, Sri Lanka, LKA
229.634, 1983, Nov Average, Sri Lanka, LKA
452.899, 1983, Dec Average, Sri Lanka, LKA
265.591, 1984, Jan Average, Sri Lanka, LKA
202.522, 1984, Feb Average, Sri Lanka, LKA
201.499, 1984, Mar Average, Sri Lanka, LKA
306.258, 1984, Apr Average, Sri Lanka, LKA
82.3607, 1984, May Average, Sri Lanka, LKA
50.749, 1984, Jun Average, Sri Lanka, LKA
168.14, 1984, Jul Average, Sri Lanka, LKA
38.7476, 1984, Aug Average, Sri Lanka, LKA
146.524, 1984, Sep Average, Sri Lanka, LKA
142.502, 1984, Oct Average, Sri Lanka, LKA
336.217, 1984, Nov Average, Sri Lanka, LKA
82.9971, 1984, Dec Average, Sri Lanka, LKA
144.599, 1985, Jan Average, Sri Lanka, LKA
148.133, 1985, Feb Average, Sri Lanka, LKA
92.9369, 1985, Mar Average, Sri Lanka, LKA
102.96, 1985, Apr Average, Sri Lanka, LKA
79.2574, 1985, May Average, Sri Lanka, LKA
91.0902, 1985, Jun Average, Sri Lanka, LKA
44.9466, 1985, Jul Average, Sri Lanka, LKA
93.1839, 1985, Aug Average, Sri Lanka, LKA
164.858, 1985, Sep Average, Sri Lanka, LKA
213.6, 1985, Oct Average, Sri Lanka, LKA
300.3, 1985, Nov Average, Sri Lanka, LKA
211.528, 1985, Dec Average, Sri Lanka, LKA
213.489, 1986, Jan Average, Sri Lanka, LKA
111.266, 1986, Feb Average, Sri Lanka, LKA
135.727, 1986, Mar Average, Sri Lanka, LKA
146.06, 1986, Apr Average, Sri Lanka, LKA
91.4399, 1986, May Average, Sri Lanka, LKA
11.3971, 1986, Jun Average, Sri Lanka, LKA
43.0008, 1986, Jul Average, Sri Lanka, LKA
67.2262, 1986, Aug Average, Sri Lanka, LKA
109.244, 1986, Sep Average, Sri Lanka, LKA
315.823, 1986, Oct Average, Sri Lanka, LKA
122.853, 1986, Nov Average, Sri Lanka, LKA
190.196, 1986, Dec Average, Sri Lanka, LKA
126.334, 1987, Jan Average, Sri Lanka, LKA
14.2298, 1987, Feb Average, Sri Lanka, LKA
40.8974, 1987, Mar Average, Sri Lanka, LKA
110.706, 1987, Apr Average, Sri Lanka, LKA
134.88, 1987, May Average, Sri Lanka, LKA
29.682, 1987, Jun Average, Sri Lanka, LKA
2.71264, 1987, Jul Average, Sri Lanka, LKA
21.5205, 1987, Aug Average, Sri Lanka, LKA
177.335, 1987, Sep Average, Sri Lanka, LKA
366.521, 1987, Oct Average, Sri Lanka, LKA
200.718, 1987, Nov Average, Sri Lanka, LKA
115.951, 1987, Dec Average, Sri Lanka, LKA
15.4633, 1988, Jan Average, Sri Lanka, LKA
71.9916, 1988, Feb Average, Sri Lanka, LKA
109.279, 1988, Mar Average, Sri Lanka, LKA
225.157, 1988, Apr Average, Sri Lanka, LKA
71.4371, 1988, May Average, Sri Lanka, LKA
190.832, 1988, Jun Average, Sri Lanka, LKA
124.062, 1988, Jul Average, Sri Lanka, LKA
212.342, 1988, Aug Average, Sri Lanka, LKA
330.372, 1988, Sep Average, Sri Lanka, LKA
102.771, 1988, Oct Average, Sri Lanka, LKA
202.274, 1988, Nov Average, Sri Lanka, LKA
177.439, 1988, Dec Average, Sri Lanka, LKA
82.4865, 1989, Jan Average, Sri Lanka, LKA
25.1345, 1989, Feb Average, Sri Lanka, LKA
85.8511, 1989, Mar Average, Sri Lanka, LKA
125.453, 1989, Apr Average, Sri Lanka, LKA
102.249, 1989, May Average, Sri Lanka, LKA
57.4309, 1989, Jun Average, Sri Lanka, LKA
213.768, 1989, Jul Average, Sri Lanka, LKA
58.4568, 1989, Aug Average, Sri Lanka, LKA
114.678, 1989, Sep Average, Sri Lanka, LKA
201.606, 1989, Oct Average, Sri Lanka, LKA
274.704, 1989, Nov Average, Sri Lanka, LKA
73.2366, 1989, Dec Average, Sri Lanka, LKA
240.879, 1990, Jan Average, Sri Lanka, LKA
29.0527, 1990, Feb Average, Sri Lanka, LKA
101.641, 1990, Mar Average, Sri Lanka, LKA
96.9948, 1990, Apr Average, Sri Lanka, LKA
208.136, 1990, May Average, Sri Lanka, LKA
131.45, 1990, Jun Average, Sri Lanka, LKA
82.781, 1990, Jul Average, Sri Lanka, LKA
35.0391, 1990, Aug Average, Sri Lanka, LKA
56.3958, 1990, Sep Average, Sri Lanka, LKA
343.267, 1990, Oct Average, Sri Lanka, LKA
257.549, 1990, Nov Average, Sri Lanka, LKA
312.453, 1990, Dec Average, Sri Lanka, LKA
190.005, 1991, Jan Average, Sri Lanka, LKA
46.0487, 1991, Feb Average, Sri Lanka, LKA
104.385, 1991, Mar Average, Sri Lanka, LKA
93.7386, 1991, Apr Average, Sri Lanka, LKA
120.135, 1991, May Average, Sri Lanka, LKA
121.056, 1991, Jun Average, Sri Lanka, LKA
55.55, 1991, Jul Average, Sri Lanka, LKA
109.3, 1991, Aug Average, Sri Lanka, LKA
68.8907, 1991, Sep Average, Sri Lanka, LKA
296.111, 1991, Oct Average, Sri Lanka, LKA
253.342, 1991, Nov Average, Sri Lanka, LKA
189.149, 1991, Dec Average, Sri Lanka, LKA
22.5443, 1992, Jan Average, Sri Lanka, LKA
0.80646, 1992, Feb Average, Sri Lanka, LKA
0.12066, 1992, Mar Average, Sri Lanka, LKA
62.2804, 1992, Apr Average, Sri Lanka, LKA
187.751, 1992, May Average, Sri Lanka, LKA
59.6955, 1992, Jun Average, Sri Lanka, LKA
129.297, 1992, Jul Average, Sri Lanka, LKA
74.5321, 1992, Aug Average, Sri Lanka, LKA
175.391, 1992, Sep Average, Sri Lanka, LKA
132.52, 1992, Oct Average, Sri Lanka, LKA
413.931, 1992, Nov Average, Sri Lanka, LKA
172.804, 1992, Dec Average, Sri Lanka, LKA
18.0839, 1993, Jan Average, Sri Lanka, LKA
39.0853, 1993, Feb Average, Sri Lanka, LKA
51.5969, 1993, Mar Average, Sri Lanka, LKA
88.4434, 1993, Apr Average, Sri Lanka, LKA
204.733, 1993, May Average, Sri Lanka, LKA
111.57, 1993, Jun Average, Sri Lanka, LKA
52.9163, 1993, Jul Average, Sri Lanka, LKA
42.1332, 1993, Aug Average, Sri Lanka, LKA
78.3175, 1993, Sep Average, Sri Lanka, LKA
274.801, 1993, Oct Average, Sri Lanka, LKA
386.495, 1993, Nov Average, Sri Lanka, LKA
417.227, 1993, Dec Average, Sri Lanka, LKA
123.08, 1994, Jan Average, Sri Lanka, LKA
187.779, 1994, Feb Average, Sri Lanka, LKA
65.9451, 1994, Mar Average, Sri Lanka, LKA
94.2527, 1994, Apr Average, Sri Lanka, LKA
118.221, 1994, May Average, Sri Lanka, LKA
15.1776, 1994, Jun Average, Sri Lanka, LKA
68.7082, 1994, Jul Average, Sri Lanka, LKA
59.1046, 1994, Aug Average, Sri Lanka, LKA
235.67, 1994, Sep Average, Sri Lanka, LKA
291.015, 1994, Oct Average, Sri Lanka, LKA
490.384, 1994, Nov Average, Sri Lanka, LKA
77.804, 1994, Dec Average, Sri Lanka, LKA
167.696, 1995, Jan Average, Sri Lanka, LKA
82.6222, 1995, Feb Average, Sri Lanka, LKA
22.4126, 1995, Mar Average, Sri Lanka, LKA
255.418, 1995, Apr Average, Sri Lanka, LKA
189.668, 1995, May Average, Sri Lanka, LKA
74.6494, 1995, Jun Average, Sri Lanka, LKA
54.7354, 1995, Jul Average, Sri Lanka, LKA
91.9007, 1995, Aug Average, Sri Lanka, LKA
91.4116, 1995, Sep Average, Sri Lanka, LKA
256.033, 1995, Oct Average, Sri Lanka, LKA
191.904, 1995, Nov Average, Sri Lanka, LKA
82.9368, 1995, Dec Average, Sri Lanka, LKA
81.5571, 1996, Jan Average, Sri Lanka, LKA
121.993, 1996, Feb Average, Sri Lanka, LKA
1.91736, 1996, Mar Average, Sri Lanka, LKA
218.587, 1996, Apr Average, Sri Lanka, LKA
62.8618, 1996, May Average, Sri Lanka, LKA
159.393, 1996, Jun Average, Sri Lanka, LKA
53.3526, 1996, Jul Average, Sri Lanka, LKA
133.413, 1996, Aug Average, Sri Lanka, LKA
178.324, 1996, Sep Average, Sri Lanka, LKA
205.423, 1996, Oct Average, Sri Lanka, LKA
360.655, 1996, Nov Average, Sri Lanka, LKA
163.043, 1996, Dec Average, Sri Lanka, LKA
5.9372, 1997, Jan Average, Sri Lanka, LKA
70.2563, 1997, Feb Average, Sri Lanka, LKA
30.8793, 1997, Mar Average, Sri Lanka, LKA
105.256, 1997, Apr Average, Sri Lanka, LKA
136.879, 1997, May Average, Sri Lanka, LKA
75.609, 1997, Jun Average, Sri Lanka, LKA
97.6636, 1997, Jul Average, Sri Lanka, LKA
79.1869, 1997, Aug Average, Sri Lanka, LKA
244.882, 1997, Sep Average, Sri Lanka, LKA
353.332, 1997, Oct Average, Sri Lanka, LKA
512.641, 1997, Nov Average, Sri Lanka, LKA
213.45, 1997, Dec Average, Sri Lanka, LKA
102.778, 1998, Jan Average, Sri Lanka, LKA
5.17231, 1998, Feb Average, Sri Lanka, LKA
20.5592, 1998, Mar Average, Sri Lanka, LKA
32.2504, 1998, Apr Average, Sri Lanka, LKA
166.893, 1998, May Average, Sri Lanka, LKA
48.6077, 1998, Jun Average, Sri Lanka, LKA
115.253, 1998, Jul Average, Sri Lanka, LKA
66.4202, 1998, Aug Average, Sri Lanka, LKA
97.4867, 1998, Sep Average, Sri Lanka, LKA
124.17, 1998, Oct Average, Sri Lanka, LKA
244.984, 1998, Nov Average, Sri Lanka, LKA
435.216, 1998, Dec Average, Sri Lanka, LKA
167.949, 1999, Jan Average, Sri Lanka, LKA
195.153, 1999, Feb Average, Sri Lanka, LKA
35.6598, 1999, Mar Average, Sri Lanka, LKA
198.879, 1999, Apr Average, Sri Lanka, LKA
90.1037, 1999, May Average, Sri Lanka, LKA
61.7474, 1999, Jun Average, Sri Lanka, LKA
20.8699, 1999, Jul Average, Sri Lanka, LKA
55.1051, 1999, Aug Average, Sri Lanka, LKA
181.712, 1999, Sep Average, Sri Lanka, LKA
303.785, 1999, Oct Average, Sri Lanka, LKA
264.591, 1999, Nov Average, Sri Lanka, LKA
180.13, 1999, Dec Average, Sri Lanka, LKA
188.088, 2000, Jan Average, Sri Lanka, LKA
206.303, 2000, Feb Average, Sri Lanka, LKA
90.0532, 2000, Mar Average, Sri Lanka, LKA
96.4688, 2000, Apr Average, Sri Lanka, LKA
55.668, 2000, May Average, Sri Lanka, LKA
68.3132, 2000, Jun Average, Sri Lanka, LKA
12.6149, 2000, Jul Average, Sri Lanka, LKA
188.858, 2000, Aug Average, Sri Lanka, LKA
202.737, 2000, Sep Average, Sri Lanka, LKA
137.706, 2000, Oct Average, Sri Lanka, LKA
240.112, 2000, Nov Average, Sri Lanka, LKA
187.233, 2000, Dec Average, Sri Lanka, LKA
207.315, 2001, Jan Average, Sri Lanka, LKA
63.4219, 2001, Feb Average, Sri Lanka, LKA
13.8331, 2001, Mar Average, Sri Lanka, LKA
245.086, 2001, Apr Average, Sri Lanka, LKA
31.2217, 2001, May Average, Sri Lanka, LKA
94.3483, 2001, Jun Average, Sri Lanka, LKA
57.756, 2001, Jul Average, Sri Lanka, LKA
12.3769, 2001, Aug Average, Sri Lanka, LKA
99.1515, 2001, Sep Average, Sri Lanka, LKA
154.807, 2001, Oct Average, Sri Lanka, LKA
230.328, 2001, Nov Average, Sri Lanka, LKA
229.841, 2001, Dec Average, Sri Lanka, LKA
44.7502, 2002, Jan Average, Sri Lanka, LKA
62.6939, 2002, Feb Average, Sri Lanka, LKA
63.2302, 2002, Mar Average, Sri Lanka, LKA
178.816, 2002, Apr Average, Sri Lanka, LKA
157.285, 2002, May Average, Sri Lanka, LKA
46.7237, 2002, Jun Average, Sri Lanka, LKA
26.2788, 2002, Jul Average, Sri Lanka, LKA
59.8201, 2002, Aug Average, Sri Lanka, LKA
63.7632, 2002, Sep Average, Sri Lanka, LKA
334.047, 2002, Oct Average, Sri Lanka, LKA
335.828, 2002, Nov Average, Sri Lanka, LKA
334.624, 2002, Dec Average, Sri Lanka, LKA
131.341, 2003, Jan Average, Sri Lanka, LKA
89.3675, 2003, Feb Average, Sri Lanka, LKA
118.795, 2003, Mar Average, Sri Lanka, LKA
123.127, 2003, Apr Average, Sri Lanka, LKA
140.582, 2003, May Average, Sri Lanka, LKA
75.4758, 2003, Jun Average, Sri Lanka, LKA
107.898, 2003, Jul Average, Sri Lanka, LKA
81.926, 2003, Aug Average, Sri Lanka, LKA
117.323, 2003, Sep Average, Sri Lanka, LKA
158.514, 2003, Oct Average, Sri Lanka, LKA
447.32, 2003, Nov Average, Sri Lanka, LKA
20.7952, 2003, Dec Average, Sri Lanka, LKA
26.3301, 2004, Jan Average, Sri Lanka, LKA
73.9612, 2004, Feb Average, Sri Lanka, LKA
34.2032, 2004, Mar Average, Sri Lanka, LKA
128.133, 2004, Apr Average, Sri Lanka, LKA
251.451, 2004, May Average, Sri Lanka, LKA
78.1188, 2004, Jun Average, Sri Lanka, LKA
58.3425, 2004, Jul Average, Sri Lanka, LKA
85.8172, 2004, Aug Average, Sri Lanka, LKA
285.431, 2004, Sep Average, Sri Lanka, LKA
353.653, 2004, Oct Average, Sri Lanka, LKA
273.835, 2004, Nov Average, Sri Lanka, LKA
262.444, 2004, Dec Average, Sri Lanka, LKA
123.56, 2005, Jan Average, Sri Lanka, LKA
27.2115, 2005, Feb Average, Sri Lanka, LKA
58.6216, 2005, Mar Average, Sri Lanka, LKA
177.947, 2005, Apr Average, Sri Lanka, LKA
94.1865, 2005, May Average, Sri Lanka, LKA
32.3375, 2005, Jun Average, Sri Lanka, LKA
75.4852, 2005, Jul Average, Sri Lanka, LKA
32.9146, 2005, Aug Average, Sri Lanka, LKA
40.0793, 2005, Sep Average, Sri Lanka, LKA
254.614, 2005, Oct Average, Sri Lanka, LKA
529.891, 2005, Nov Average, Sri Lanka, LKA
216.185, 2005, Dec Average, Sri Lanka, LKA
171.728, 2006, Jan Average, Sri Lanka, LKA
71.1903, 2006, Feb Average, Sri Lanka, LKA
174.097, 2006, Mar Average, Sri Lanka, LKA
102.363, 2006, Apr Average, Sri Lanka, LKA
64.5029, 2006, May Average, Sri Lanka, LKA
48.9105, 2006, Jun Average, Sri Lanka, LKA
30.9329, 2006, Jul Average, Sri Lanka, LKA
117.347, 2006, Aug Average, Sri Lanka, LKA
179.995, 2006, Sep Average, Sri Lanka, LKA
439.029, 2006, Oct Average, Sri Lanka, LKA
492.779, 2006, Nov Average, Sri Lanka, LKA
223.484, 2006, Dec Average, Sri Lanka, LKA
183.559, 2007, Jan Average, Sri Lanka, LKA
28.1393, 2007, Feb Average, Sri Lanka, LKA
32.4065, 2007, Mar Average, Sri Lanka, LKA
227.41, 2007, Apr Average, Sri Lanka, LKA
69.7858, 2007, May Average, Sri Lanka, LKA
55.5805, 2007, Jun Average, Sri Lanka, LKA
81.1417, 2007, Jul Average, Sri Lanka, LKA
177.017, 2007, Aug Average, Sri Lanka, LKA
108.08, 2007, Sep Average, Sri Lanka, LKA
247.456, 2007, Oct Average, Sri Lanka, LKA
162.513, 2007, Nov Average, Sri Lanka, LKA
196.94, 2007, Dec Average, Sri Lanka, LKA
58.9211, 2008, Jan Average, Sri Lanka, LKA
115.767, 2008, Feb Average, Sri Lanka, LKA
260.719, 2008, Mar Average, Sri Lanka, LKA
166.941, 2008, Apr Average, Sri Lanka, LKA
49.5477, 2008, May Average, Sri Lanka, LKA
71.3787, 2008, Jun Average, Sri Lanka, LKA
91.2404, 2008, Jul Average, Sri Lanka, LKA
184.951, 2008, Aug Average, Sri Lanka, LKA
43.0614, 2008, Sep Average, Sri Lanka, LKA
309.852, 2008, Oct Average, Sri Lanka, LKA
315.345, 2008, Nov Average, Sri Lanka, LKA
309.234, 2008, Dec Average, Sri Lanka, LKA
69.7448, 2009, Jan Average, Sri Lanka, LKA
15.3257, 2009, Feb Average, Sri Lanka, LKA
147.57, 2009, Mar Average, Sri Lanka, LKA
148.893, 2009, Apr Average, Sri Lanka, LKA
50.1059, 2009, May Average, Sri Lanka, LKA
57.5663, 2009, Jun Average, Sri Lanka, LKA
44.8452, 2009, Jul Average, Sri Lanka, LKA
146.376, 2009, Aug Average, Sri Lanka, LKA
89.7702, 2009, Sep Average, Sri Lanka, LKA
173.963, 2009, Oct Average, Sri Lanka, LKA
508.884, 2009, Nov Average, Sri Lanka, LKA
184.647, 2009, Dec Average, Sri Lanka, LKA
74.3759, 2010, Jan Average, Sri Lanka, LKA
0.0061, 2010, Feb Average, Sri Lanka, LKA
0.01158, 2010, Mar Average, Sri Lanka, LKA
30.3783, 2010, Apr Average, Sri Lanka, LKA
155.292, 2010, May Average, Sri Lanka, LKA
69.0184, 2010, Jun Average, Sri Lanka, LKA
115.574, 2010, Jul Average, Sri Lanka, LKA
50.1403, 2010, Aug Average, Sri Lanka, LKA
218.933, 2010, Sep Average, Sri Lanka, LKA
196.789, 2010, Oct Average, Sri Lanka, LKA
421.263, 2010, Nov Average, Sri Lanka, LKA
376.309, 2010, Dec Average, Sri Lanka, LKA
172.1, 2011, Jan Average, Sri Lanka, LKA
165.237, 2011, Feb Average, Sri Lanka, LKA
59.7142, 2011, Mar Average, Sri Lanka, LKA
172.167, 2011, Apr Average, Sri Lanka, LKA
29.8665, 2011, May Average, Sri Lanka, LKA
32.6891, 2011, Jun Average, Sri Lanka, LKA
51.0021, 2011, Jul Average, Sri Lanka, LKA
159.436, 2011, Aug Average, Sri Lanka, LKA
35.486, 2011, Sep Average, Sri Lanka, LKA
225.146, 2011, Oct Average, Sri Lanka, LKA
285.192, 2011, Nov Average, Sri Lanka, LKA
167.485, 2011, Dec Average, Sri Lanka, LKA
76.8924, 2012, Jan Average, Sri Lanka, LKA
87.0357, 2012, Feb Average, Sri Lanka, LKA
90.9289, 2012, Mar Average, Sri Lanka, LKA
155.109, 2012, Apr Average, Sri Lanka, LKA
18.3307, 2012, May Average, Sri Lanka, LKA
35.4581, 2012, Jun Average, Sri Lanka, LKA
15.473, 2012, Jul Average, Sri Lanka, LKA
129.326, 2012, Aug Average, Sri Lanka, LKA
183.974, 2012, Sep Average, Sri Lanka, LKA
404.434, 2012, Oct Average, Sri Lanka, LKA
161.044, 2012, Nov Average, Sri Lanka, LKA
346.155, 2012, Dec Average, Sri Lanka, LKA
144.282, 2013, Jan Average, Sri Lanka, LKA
220.061, 2013, Feb Average, Sri Lanka, LKA
172.256, 2013, Mar Average, Sri Lanka, LKA
63.6717, 2013, Apr Average, Sri Lanka, LKA
161.21, 2013, May Average, Sri Lanka, LKA
56.7762, 2013, Jun Average, Sri Lanka, LKA
56.6103, 2013, Jul Average, Sri Lanka, LKA
40.6304, 2013, Aug Average, Sri Lanka, LKA
99.0012, 2013, Sep Average, Sri Lanka, LKA
120.348, 2013, Oct Average, Sri Lanka, LKA
191.912, 2013, Nov Average, Sri Lanka, LKA
136.289, 2013, Dec Average, Sri Lanka, LKA
87.3505, 2014, Jan Average, Sri Lanka, LKA
35.8188, 2014, Feb Average, Sri Lanka, LKA
63.0502, 2014, Mar Average, Sri Lanka, LKA
100.601, 2014, Apr Average, Sri Lanka, LKA
124.966, 2014, May Average, Sri Lanka, LKA
44.5216, 2014, Jun Average, Sri Lanka, LKA
64.2883, 2014, Jul Average, Sri Lanka, LKA
125.859, 2014, Aug Average, Sri Lanka, LKA
123.89, 2014, Sep Average, Sri Lanka, LKA
329.457, 2014, Oct Average, Sri Lanka, LKA
269.364, 2014, Nov Average, Sri Lanka, LKA
469.83, 2014, Dec Average, Sri Lanka, LKA
20.0361, 2015, Jan Average, Sri Lanka, LKA
156.837, 2015, Feb Average, Sri Lanka, LKA
93.9471, 2015, Mar Average, Sri Lanka, LKA
207.944, 2015, Apr Average, Sri Lanka, LKA
136.595, 2015, May Average, Sri Lanka, LKA
67.2425, 2015, Jun Average, Sri Lanka, LKA
87.851, 2015, Jul Average, Sri Lanka, LKA
146.705, 2015, Aug Average, Sri Lanka, LKA
234.278, 2015, Sep Average, Sri Lanka, LKA
312.42, 2015, Oct Average, Sri Lanka, LKA
397.961, 2015, Nov Average, Sri Lanka, LKA
245.399, 2015, Dec Average, Sri Lanka, LKA
40.0975, 2016, Jan Average, Sri Lanka, LKA
128.82, 2016, Feb Average, Sri Lanka, LKA
51.5737, 2016, Mar Average, Sri Lanka, LKA
88.5389, 2016, Apr Average, Sri Lanka, LKA
295.473, 2016, May Average, Sri Lanka, LKA
47.9459, 2016, Jun Average, Sri Lanka, LKA
42.0513, 2016, Jul Average, Sri Lanka, LKA
3.41856, 2016, Aug Average, Sri Lanka, LKA
14.4, 2016, Sep Average, Sri Lanka, LKA
113.653, 2016, Oct Average, Sri Lanka, LKA
226.953, 2016, Nov Average, Sri Lanka, LKA
142.518, 2016, Dec Average, Sri Lanka, LKA
